79
80
80
79
80
79
80
79
80
79
80
79
80
79
80
79
80
79
80
79
80
79
80
79
80
80
79
80
79
80
79
80
80
79
80
79
80
79
80
79
80
79
80
80
79
80
79
80
79
80
79
80
97
100
97
97
100
97
100
80
80
80
79
80
80
79
80
79
80
79
80
79
80
79
80
79
80
79
80
80
79
80
80
79
80
79
80
97
100
97
100
97
100
97
100
97
100
80
80
79
80
79
112
112
100
97
100
113
-29
113
-31
-29
-31
-29
-29
-31
57
97
100
97
100
97
100
97
57
97
100
97
100
97
100
100
-31
-29
-31
-29
-29
113
27
112
112
-29
113
-29
113
79
80
79
80
79
80
79
80
79
80
79
97
100
97
97
100
97
97
97
100
100
97
100
97
97
100
97
100
97
100
97
97
97
100
97
100
100
100
100
97
100
97
100
100
97
97
97
97
97
100
100
97
97
97
100
100
97
100
97
100
100
97
97
100
100
97
97
100
97
100
97
100
100
100
100
97
97
100
97
100
100
97
100
97
97
100
97
100
97
100
97
100
100
97
100
100
80
79
80
80
79
80
79
80
79
80
79
79
80
80
80
80
80
79
79
79
79
79
80
80
79
80
79
80
79
80
79
80
79
80
79
80
79
79
79
80
80
80
79
80
79
80
79
80
80
79
80
79
79
80
80
79
79
80
80
80
80
79
79
79
80
80
80
80
79
80
100
97
100
97
100
97
97
100
97
100
100
97
97
97
100
97
100
100
97
97
97
97
100
100
97
97
100
100
97
97
100
97
100
97
97
100
